ことごと,みしめた,こんがり,ことくら,まるかー,とこから,うんたら,まじかー,するなよ,たらぶー,すごくた,からぶく,ちらつか,からんばか,ひたすら,くらぷら,ぱっちん,りんもそ,りんがら,げたとこ,もそうだ,ばしたら,ことばか,たらしく,こんとろ,にこのた,めちゃうま,にこのお,するわい,るんすか,ゆるふわ,ぶつけた,からふわ,しおふさ,ばりとん,ぴんぐしょ,からくる,こてんぱん,がたかっ,ぱりおい,もたくさ,うとする,かんちゃら,たらめちゃ,じりにた,だらしな,てらくら,いらぷら,りんあー,ちんちく,でこちら,けたいら,たっかー,くらいじ,ぶりのし,かりしゃー,もやたら,ぽいとこ,かんばか,がらぷら,ぷらすか,はらぷら,ことはた,くらこち,かったら,のためら,すごかっ,てくるん,まじかっ,ぺっとこ,もやめら,けたじろ,がらんきん,ぽんこつ,からぽち,たっぷり,ふんぞり,ことばら,わんぴー,てかかっ,まるとこ,すらぼん,りんのそ,するから,はたぶん,しながら,しっかり,からぽい,りんから,けたこと,かつてら,しくてか,むずあっぷ,わなかっ,かっこつ,ふかのお,にやつら,すーかー,なようだ,からこそ,しとぱー,くりすっぱ,ちらのお,うところ,ざわめき,つけてか,すること,でかうん,ことすら,ちょこかー,うだから,ぶかしげ,げたこと,むくつけ,つけてく,うまくす,するとこ,くっつけ,じくする,うらぷら,がみする,たらぷら,ぱりすご,よろしく,とんどし,しなかっ,ぼそうと,ぽこがり,おいしー,めちゃくちゃ,ごときび,たっくる,きしめら,くりする,めたこと,かさずら,いそうだ,ちらはき,たったら,べたかっ,たらぶく,おいくつ,ちまけた,ぶるぴー,ぼこすか,のそのお,てらぷら,ことかっ,かったっ,とこねと,すらぷら
['\u3000十数代続く家系は、ことごとく血で塗れており、なでぃーねも十二の齢からその世界に身を置いていた。\n'],['\u3000ぎり、とたーにゃは唇を噛みしめた。\n'],['\u3000その頭の中では丸々太ったおっさんを、きゃさりん得意の｜狐火球《ふぁいあぼーる・狐》でこんがりろーすとしているのは言うまでもない。\n'],['「父は宮廷魔法使い、母は大神官の血筋に連なる巫女あがり。あたしも生まれてすぐに天才少女として名前が知れてねぇ。蝶よ花よと育てられて、恵まれた魔力によって大魔女の名を欲しいままにしてたんだ。浮遊魔法を覚えてからはそっちのほうにはまってたし、歩くのが苦手ってことくらい仕方ないじゃないか」\n'],['「そんな弱そうなあーまーがあってたまるかー！\u3000君、まがりなりにも剣士として前線にでるんだろうっ！？\u3000その状況でなぜへそを出している！？」\n'],['「ここで目立ったら、いいおとこから声がかかるかもでしょ」\n'],['「ほんにゃら～、かんちゃら～、うんたらそわか～！\u3000いぇいいぇ〜い！」\n'],"['「まじかー」\n', '「まじかーーー！？」\n', '「まじかー……」\n', '「まじかー……どこの悪役令嬢ですか」\n']",['「そんな顔をするなよ、たーにゃ」\n'],['「おっけーおっけー、なんてことないよ。三〇〇年ひとりぽっちで封印されるのに比べたらぶーいんぐなんて無だね、無！」\n'],['\u3000重複する記載欄がものすごくたくさんあり、面倒くさい。\n'],['少しでも面白い、続きが気になると思われましたらぺーじ上部からぶくま・以下よりぽいんと評価などお願いいたします。感想などもとっても嬉しく読ませていただいております！\n'],['\u3000出ました、権力ちらつかせむーぶ！\n'],['\u3000声の主に、思わずつかみかからんばかりの勢いで。\n'],['\u3000荒野でひたすら大威力の上級魔法をぶっ放し続ける、などというとうてい正気の沙汰とは思えない行動も気に入った。\n'],['\u3000竜神の血を引くらぷらすの潜在魔力は膨大で、まくすうぇるの研究の材料とするにはうってつけだったのだ。\n'],['\u3000確かに、今まではくえすとが楽勝すぎてらぷらすの指ぱっちん、あるいはたーにゃの簡単な魔術や剣の一撃で事が済むことばかりだった。\n'],['\u3000きゃさりんもそれに続こうとすると、急になでぃーねが立ち止まった。\n'],['\u3000きゃさりんがらいあんにしなだれかかりながら同意する。\n'],['\u3000らぷらすがいくら逃げたところで、隠れる場所などはないのである。\n'],"['「あぁ、すばらしいぞ。どの器も、わたしへの敬意に満ちている。国王へのえさにありえのーらをあてがったが……やはり、自我を持つと良くないな。らぷらすのときの失敗もそうだ。らぷらす、きみには気の毒なことをしたと今でも思っているよ……そんな自我、捨てさせればよかったんだ、最初から。反抗的な目などしないように」\n', '\u3000まあ、それもそうだ。\n']",['「あっはは、いまさらだよ。たーにゃ。あ、ねえねえ。まくすうぇるぶっとばしたらさ、この大魔女らぷらす様と一緒にらんでぶーしちゃう～？」\n'],['\u3000確かに、今まではくえすとが楽勝すぎてらぷらすの指ぱっちん、あるいはたーにゃの簡単な魔術や剣の一撃で事が済むことばかりだった。\n'],['「あいつらを、同じ土俵でぶちのめしてやるんです。もうすぐ、大陸全土の冒険者によるらんきんぐ戦がある……そのらんきんぐ戦に出て、もといたぱーてぃの奴らを叩きのめしてやりたいんです！！\u3000ないし、戦闘中の事故を装ってむごたらしくもにょもにょ！」\n'],['\u3000爆発の方向までも上方にこんとろーるした、見事すぎる魔術。\n'],['「うんうん。それにこのたーにゃ、らぷらすさんが陰険極悪魔女だからっていまさら嫌いになったりしないんで大丈夫ですよー？」\n'],['「この焼き豚、めちゃうまだろ～？\u3000三〇〇年前から変わらないお味」\n'],['「らぷらす様の復活は、おそらくすでにまくすうぇるが知るところになっています。お願いです、らぷらす様の血さえなければ、【私たち】は平穏にこのおーで国を存続させ続けるだけです」\n'],['\u3000\u3000本日未明、西の大荒野に生息するわいばーんが何者かに倒されていることがわかった。\n'],['\u3000店員が「何してるんすか、お客さん！」と怒号をあげた。\n'],"['\u3000ゆるふわの見た目に反して、優秀なぎるど職員なのかもしれないなとたーにゃは思った。\n', '「なでぃーねちゃんも、他の二人が強すぎて回復とかいらないじゃん。それで目立たないけど攻撃をひらひら完璧に避けるの、まじつおい。ゆるふわ系で可愛いし」\n']",['\u3000とにかく、こんなにも魔導師としての実力がある自分を「女だから」というくだらない理由でくびにしたらいあんへの怒りを何かにぶつけたかった。\n'],['\u3000後ろからふわりと抱きしめられた。\n'],['「ぱーてぃの代表者はたーにゃ・あるてみしおふさんで間違いありませんか？」\n'],['\u3000響くは、柔らかいばりとん。\n'],['\u3000しょっぴんぐしょっぴんぐ～っと浮かれた声をあげて、ふよっと宙返りをしようとしたらぷらすに、\n'],['\u3000おりはるこんという金属の希少性もさることながら、金貨のでざいんに込められた魔術的要素の完璧さ、そしてその希少性からくるこれくたー人気。\n'],['「決勝戦、楽しみだね。らいあんをこてんぱんにするんだろ？」\n'],['\u3000正直に言えば、顔がいいとは言いがたかった。\n'],['「あー、やっぱりおいでなすったか。これは鳴き声だな」\n'],['感想もたくさん、本当に嬉しいです！\u3000返信に時間がかかっておりますが、順次させていただきますゆえお待ちください。\n'],"['\u3000不幸な少女を生み出し続けるだけではなくて、国家までもその毒牙にかけようとするか。\n', '「私を連れ戻そうとする時間があるなら、経理でも魔術でも自分で覚えて自分でやればいいのに！！？」\n', '\u3000きゃさりんもそれに続こうとすると、急になでぃーねが立ち止まった。\n']",['「ほんにゃら～、かんちゃら～、うんたらそわか～！\u3000いぇいいぇ〜い！」\n'],['「いえすいえす、嫌がるありえのーらちゃんを我々ときたらめちゃくちゃ怖い顔で脅したなー」\n'],['\u3000ため息混じりにたーにゃは言う。\n'],"['「うわ、ご覧ください！\u3000だらしない身体、まぎれもなくだらしない身体です！？」\n', '「うわ、ご覧ください！\u3000だらしない身体、まぎれもなくだらしない身体です！？」\n']",['［＃中見出し］５．わいばーんだってらくらく一刀両断します。［＃中見出し終わり］\n'],"['「くっく……ふっはは、はははっ！！\u3000随分にんげんらしい表情をするではないか、愛しいらぷらすよ……だがな、三〇〇年前と姿形も変わらん姿で存在するお前のほうが、よっぽどあやかしいだろう！」\n', '\u3000母と同じく竜神の血を引く幼いらぷらすが知っていたのは、その部屋と、窓に切り取られた空だけだった。\n', '\u3000幼いらぷらすが感じることができたのは、たった三つの感情だった。\n', '\u3000かつて、幼いらぷらすの身体に刻まれた傷。\n', '「あっ、え？\u3000待ってくださいらぷらすさん！！」\n']",['「灰桜の魔法剣士か。うん、悪くない。おっけーおっけー！\u3000あたしに任せてくれ。大魔女の名にかけて、そのちんちくりんあーまーをすてーたすもでざいんも最高に最高の装備にりめいくしてあげよう。よーぅし、張り切っちゃうぞ〜っと！」\n'],['「灰桜の魔法剣士か。うん、悪くない。おっけーおっけー！\u3000あたしに任せてくれ。大魔女の名にかけて、そのちんちくりんあーまーをすてーたすもでざいんも最高に最高の装備にりめいくしてあげよう。よーぅし、張り切っちゃうぞ〜っと！」\n'],"['\u3000単純な戦闘力でこちらが負けるとは思えない。\n', '\u3000あざ笑うような表情でこちらを見ているきゃさりんに視線をやる。\n']",['\u3000さっさとまくすうぇるを見つけたいらぷらすは、軽い焦りを感じる。\n'],['「いやあ。相手は｜回復術師《ひーらー》の女二人とあたっかーの｜剣士《せいばー》一人。後衛が徹底的に｜剣士《せいばー》に強化や回復をかけまくるという戦法だったわけですが……」\n'],['「一個魔術小隊くらいじゃ、わいばーんなんて倒せないだろー？」\n'],['\u3000三〇〇年ぶりのしゃばである。\n'],['\u3000その手にはちゃっかりしゃーべっとのおかわりが握られていた。\n'],['\u3000どの女冒険者もやたらと薄着なのだ。\n'],['「いやー、ちょっと大魔女っぽいところをみせてやろうと思って？」\n'],['\u3000なでぃーねの鋭い眼光が、ないふを突きつけたきゃさりんの首筋を今にも切り裂かんばかりに睨み付ける。\n'],"['\u3000実際、その狂気の行動がらぷらすの封印を破ったのである。目の前の女魔導師に感謝しなくてはなるまい。\n', '\u3000たーにゃは身構えた。空中浮遊、というだけでも本当はこの女がらぷらす、少なくとも大魔女と呼ぶに相応しい奇跡の使い手だと信じるのに十分だけれど。\n', '\u3000もしも、投獄されたのががらぷらすじゃなかったら？\n', '「あのっ、あのね。今度は、私がらぷらすさんの復讐……手伝ってもいいですか」\n', '\u3000黒鎧の騎士くらーくの無言の一撃がらぷらすに襲いかかり、\n']",['\u3000らぷらすからまくすうぇるに向けられる感情は、父娘の情よりも深い信頼と依存だった――といえるかも知れない。\n'],"['\u3000ぱーてぃを組め、というのはらぷらすが先ほどの勝負で勝ったときの褒美として突きつけていた条件だ。\n', '「ただし、【私たち】は当面は完成するはずのない器だったのです。完成のためにはらぷらす様の血が必要だと、そうまくすうぇるは言っていました。……あの堅い封印を解くことができなければならないのだ、と」\n', '［＃中見出し］２．第二試合【しんぐるす】はらぷらすさんがわざと棄権いたしまして。［＃中見出し終わり］\n', '新章ではらぷらすの過去が明らかになります。\n', '実はらぷらすの父親であるその宮廷魔術師の黒い思惑は、おーで王国の中枢まで入り込んでいた。\n', '\u3000たしかにお伽噺のなかにはらぷらすをもでるにしたものもあるけれど。悪い魔女役で。\n', '\u3000しかし、その企みは暴かれ、超希少金属を練り込んだおりはるこん金貨はらぷらすとともに封印された。\n', '\u3000らぷらすの選んだ法衣も、彼女が気に入ったという特徴的な刺繍はそのままに太ももあたりまであったすりっと部分が縫い合わされた。白かった法衣はらぷらすの髪と同じ漆黒に染まる。\n', '「あたしの名前はらぷらす。はじめまして、お嬢さん」\n', '\u3000響き渡ったのはらぷらすの実に愉快そうな笑い声だった。\n', '「いかにも、あたしはらぷらす。かの大魔女だ」\n']",['「あと、私のことはたーにゃ様と呼びなさい」\n'],['\u3000いくらこちらが勝ち上がっても、向こうがりーぐ敗退していては復讐も何もあったものではない。\n'],"['「きゃさりん・ふぉきしーさん。さきほどの｜業火球《ふぁいあぼーる》、見事でした。かなりの創意工夫と努力をされたのではないかとお見受けします、と。うちのりーだーからの伝言です。……あと、よかったら今度、お茶でもどうですか。あっ、これは私からの個人的なお誘いです。実は、その、昔からお話ししたかったので」\n', '「一体何を言っているの。この間のくえすとだって、私の魔術がなかったら全滅してた！」\n', '「……らぷらす様。よかったら、その」\n', '\u3000もしも、投獄されたのががらぷらすじゃなかったら？\n', '「らぷらすさんさえ良かったら」\n', '「も、もしよかったら今度お料理とか、教えてくれませんかっ！」\n', '\u3000ここまでの戦いでは見せてこなかったらぷらすの魔法に闘技場全体がどよめいた。\n']",['元ぱーでぃりーだーで幼馴染みのらいあんへの復讐のためらんきんぐ戦を勝ち上がったたーにゃたち。\n'],['「すごかった……」\n'],"['「そのうち戻ってくるんじゃない？」\n', '\u3000いったい、その自信はどこからでてくるんだ？\n']",['「まじかっ！！？」\n'],['\u3000お茶目なとらんぺっとこと腹の虫の鳴き声が響き渡った。\n'],['\u3000卑怯だ何だって言われてもやめられねえよ。\n'],['\u3000その状況にたーにゃは少しだけたじろぐ。\n'],['第2章【らんきんぐ戦編】すたーとです。次のお話までがらんきんぐ戦参加前のお話になります。\n'],"['「たーにゃ、もしかして。……………意外とぽんこつなのかい？」\n', '「ぽんこつって言わないでくださいよ！？\u3000らぷらすさんこそ何もしてないじゃないですか！」\n']","['面白かった、続きが気になると言うかたがいましたらぺーじ上部からぽちっとお願いいたします。\n', '面白かった、続きが気になると少しでも思っていただけましたらぺーじ上部からぽちっとぶっくまーくをお願いいたします！\u3000とても励みになります。\n', 'そう思っていただけましたら、ぜひぺーじ上部からぽちっとぶっくまーくをしていただいたり評価を付けていただけると嬉しいです。励みになります！\n']","['\u3000たーにゃの着替えのぶらうすからふりるたっぷりのろーぶを生成したのは、例によってらぷらす。\n', '\u3000鑑定にはたっぷり二時間がかけられた。\n', '\u3000花の蜜をたっぷりいれた紅茶を啜った。\n']",['\u3000「なんだよ、りーだーだからってふんぞり返ってたくせにあのざまなのか……」\n'],['\u3000そっと、手を離すとなでぃーねは空中でうまいことばらんすをとった。\n'],['「いいだろう。たーにゃにはそのはれんちあーまーをおくれ。それから、あたしには……そこの白いわんぴーすを貰おうか。丈も長いし、袖の刺繍がなんか可愛い」\n'],['\u3000らぷらすは食ってかかった。\n'],['\u3000このままでは、今夜泊まるところも確保できるか怪しい。\n'],['\u3000その中で、彼女は気づけばうすらぼんやりとした自我をもっていた。\n'],"['\u3000たーにゃの視線が、きゃさりんのそれと交差する。\n', '\u3000らぷらす作の特注品であるなでぃーね装備と違い、きゃさりんのそれは、彼女のるーつである白狐を意識した獣人族の巫女風ではあるものの、所詮は市販品の露出多めのろーぶである。\n']","['『ここは男衆でどうにかするから、女は逃げろ』\n', '「へっ……大将戦の前にうちのめんばーがお前らをぎたぎたにするからな。それでげーむおーばーだ。金かけてんだよ、こっちは。俺たちは優勝。たーにゃ達も全員女めんばーで準優勝なら万々歳だろ」\n', '「ほらっ、らいあん選手がいま『なんでもするから助けて！』と叫んだでしょう」\n']","['「なるほどなるほど。でもまあ、たーにゃはたぶんれべるMAXだと思うぞ－」\n', '「たーにゃはたぶん剣技については素人だよ」\n']","['\u3000今日までくえすとをこなしながら魔法剣士としての腕を磨いてきた。\n', '\u3000気まずそうにきゃさりんは視線を逸らしながら言う。\n', '\u3000舌なめずりをしながら。\n', '\u3000ふよふよと浮遊しながら。\n', '\u3000看守の目を気にしながら地下牢のなかを捜索していたたーにゃは絶句した。\n', '\u3000当のなでぃーねに声をかけられて、思わず目をそらしながら。\n', '\u3000くるり、と宙返りをしながら大魔女（仮）は言う。\n', '\u3000……と物騒な宣言をしながら。\n', '\u3000その様子を見下ろしながら、\n', '\u3000ふよ……とふたたび浮遊をしながららぷらすは頬を膨らませた。\n', '\u3000きゃさりんのごつめのぶーつで顎を粉砕された看守は、おびただしい鼻血（物理）を流しながら今度こそ気絶した。\n']",['「しっかり鑑定してくれてかまいませんよ」\n'],"['面白かった・続きが気になると思っていただけましたら、ぺーじ上部からぶっくまーくしていただいたり、以下からぽいんと評価いただけると幸いです！\n', '面白かった、続きが気になると思っていただけましたらぜひぺーじ上部からぶっくまーくいただいたり、以下からぽいんと評価いただければと存じます。\n', '面白かった、続きが気になると思っていただけましたらぺーじ上部からぶっくまーくをばよろしくお願いいたします。また、以下からぽいんと投票や感想書き込みもできます。とても励みになっておりますので、どうぞよろしくお願いいたします。\n']",['\u3000なでぃーねは、きゃさりんからの信頼をくすぐったく思った。\n'],"['\u3000この期に及んで、寝ぼけたことを。\n', '\u3000小さい頃から冒険者学校にいたるまで、らいあんにはどれひとつとして座学も実技も負けたことはない。そもそも、たーにゃは冒険者学校の首席卒業なのだ。\n']",['\u3000不老不死を手にしたという、かつてらぷらすを封じた宮廷魔術師とはいえ。\n'],['「着けてる装備も、凜々しくてかっこいいんだよね。あんながっちり装備であんなに強いんだから、こんな薄着、馬鹿らしくなるよね」\n'],['\u3000とさむずあっぷした。\n'],"['かつて、自分がきちんと抗わなかったせいで繰り返されている悲劇。らぷらすは『絶対にあいつだけはぶっ殺す』と固く誓い、たーにゃと共にまくすうぇる討伐に向かう！！！！\n', '\u3000そのために、並の人間ならば読むだけで発狂するといわれる禁書に目を通させるのもいとわなかった。\n', '「うん。なるべくなでぃーねの方に攻撃がいかないように捌いているつもりなんだけど。どうしても【だぶるす】だと死角だったり間に合わなかったりで弾ききれないのがあって……でも、なでぃーね全部上手に避けてくれるからさ。なんか安心しちゃうというか、なんというか」\n']","['「私ったらさ、かっこつけて言っちゃったじゃないですか。『いつか、どこかで冒険者を夢見る女の子のために』って」\n', '「これが落ち込まずにいられるかっていうんだよー。あんなにかっこつけたのにさー」\n']",['\u3000ふかふかのお布団でぐっすり眠り、朝はすてきなもーにんぐせっとを食堂でいただく。\n'],['\u3000ひどいね、悔しいよね！！！？\u3000絶対に、絶対にやつらのあごをくだいてやろうね！！！\n'],['「えっ、はっ？\u3000【｜灰燼裂罪《えくすぷろーじょん》】！？\u3000ちょっ、そんな大規模魔法をあたしひとりに向けちゃう？\u3000さっきは誰もいないと思ったからぶっ放してたんだろう？\u3000あたし、いまここにいますよ。ねえちょっと、大人げなくないです？\u3000ちょっ、聞ーこーえーてーまーすーかー！？」\n'],['\u3000｜魔術師《そーさらー》ということだが、ここに出てくるということは意外にも実力者なようだった。\n'],['「え？\u3000ああ。需要と供給ですよ。あんな革袋いっぱいにあるなんて知られたら、買いたたかれちゃう。れあものは、れあものだからこそ大もうけできるんです」\n'],"['「君が勝ったらなんでも言うことを聞いてあげるー。で、そうだな。君が負けたら……うん。あたしとぱーてぃを組んでくれ」\n', '「おや、もう降参か。それではあたしとぱーてぃを」\n']",['\u3000そうだ、たしかにわいばーんのような竜種はぱーてぃごとに申請をして狩らなきゃいけなかったんだ忘れてた。ちょっとやけくそおよびてんしょんあがっちゃってざっくりすっぱり斬っちゃったけれど。\n'],['「ふふ、ははははっ！\u3000いいぞ。らぷらすの魔力だけでも十分なところだが――そちらのお嬢さんも、なかなかのものを持っているようだ」\n'],"['\u3000りーだーが魔法剣士というところまで分かっていて、どうして「りーだーはどこ？」なんていう間抜けな質問がでてくるのだろうか。\n', '「そういうところですよっ！！\u3000ちょっと顔が良いからってぇ～」\n', '「そういうところだ｜らいあん《くそ野郎》！！！！！\u3000死ねぇええっ！！！！！！！」\n', '「はははっ！\u3000物騒なこと言うなあ～。そういうところ好きだよ」\n']",['\u3000ろびーにざわめきが満ちている。\n'],['\u3000たーにゃたちの姿を見つけてから、合流せずに気配をひそめて事態を観察していた自分を褒めたいと、そう思った。\n'],"['\u3000たったそれだけのことで、たーにゃはこみ上げてくる涙を我慢することができなかった。\n', '\u3000ちなみに、Bらんく以上の冒険者ぱーてぃに傭兵的に労働力を提供することもあった。\n', '\u3000敵同士のはずのなでぃーねは、みじめな自分を馬鹿にすることもなく。\n', '\u3000きゃさりんの知識では、正直に言えばその構造を解析することすら難しい高度な術式だった。\n', '\u3000そもそも、魔導師というのは上級職だ。王立の魔導師学校を経て、冒険者学校に編入することが義務づけられている。\n', '\u3000――ぱーてぃめんばーの人事はりーだー、またはめんばーの過半数の支持により決定することとする。\n', '\u3000という謎の上から目線に変貌することが多かった。\n', '\u3000女らしい装いをすることも言葉遣いをすることも、自ら禁じていった。\n', '\u3000女らしい装いをすることも言葉遣いをすることも、自ら禁じていった。\n', '「女性は魔力の感受性を高めるために、なるべく肌を露出することが好ましいって、もうずーっとこのでざいんなんです」\n', '\u3000どうやら割と簡単に、素手で展開することができるようなのだ。\n', '\u3000――｜腕力《ぱわー》を地属性魔法で強化することも容易くできるのである。\n', '「何故、自分は不老不死を手にすることができない」\n', '\u3000そして、その金貨を通して吸い上げた生命力を摂取し続けることで――まくすうぇる自身が「不老不死」を手にすることができる。\n', '\u3000……目の前の少女が痛くて、怖くて、苦しい思いをすることはなかったはずなのだ。\n', '「私は、らぷらすさんがどんな理不尽な目にあったのか。想像することしかできません。でも」\n', '\u3000的中することとなるのである。\n', '\u3000魔術に通じるきゃさりんにも、その空間が何なのかを説明することはできない。\n']",['\u3000えぷろん姿でかうんたーのひとつに腰掛けて。\n'],"['\u3000自分は背後を取られたと言うことすら、認知するのに時間がかかった。\n', '「ぐっ、何故だ！\u3000高れべるの術者ほど、この術式による魔力搾取の影響をうけるはず。この術式から逃れるどころか、魔法陣に触れることすらできないはずだっ！！」\n', '\u3000それとも、使われることすらなく水槽の中で朽ちるのか。\n']",['「ちょこかー。なら仕方ないなぁ……あ、たーにゃ。ちょこけーき追加して良いかな？」\n'],['「いぇすいぇす。冒険者学校時代にたーにゃ選手から借りた五万さきゅるを、いまだ滞納しているそうだからね～。責任感とかないんでしょう～」\n'],['\u3000店主はいぶかしげにたーにゃとらぷらすを見比べる。\n'],['「あたしは……こんな馬鹿げたことを、止めにきたんだよ」\n'],['\u3000むくつけき男たちがりーだーを務めるぱーてぃが、飽きもせず名誉や賞金を巡って戦い繰り広げているらんきんぐ戦。\n'],['\u3000と豊満な胸を擦りつけてくるきゃさりんを適当にあしらう。\n'],"['「らぷらす様はまくすうぇるに従順ではあった。けれど、それは単に……【反抗しなかった】だけだと。そうまくすうぇるは考えているようです。らぷらす様はどこか、反抗的な目をしていたのだと。\n', '「ただし、【私たち】は当面は完成するはずのない器だったのです。完成のためにはらぷらす様の血が必要だと、そうまくすうぇるは言っていました。……あの堅い封印を解くことができなければならないのだ、と」\n', '\u3000笑うまくすうぇるの顔に、たーにゃは戦慄した。\n']",['\u3000普段であればここで詠唱を開始するところだが。\n'],"['\u3000なでぃーねの手を、水晶玉にぴとっとくっつける。\n', '「なるほどね～。その刺繍。帝王一族の家紋だろ。そんなものを寝間着にまでくっつけるのは、直系の者くらいだしね～」\n']",['\u3000顔も知らない青年。生業を同じくする他の名家の六男坊だと聞いた。\n'],"['\u3000空中に漂うらぷらすは言った。\n', '\u3000笑うらぷらすの表情は、まるで少女のようだった。\n', '\u3000『このらぷらすの手心はあるが、君、魔法剣士としてすでに最上級れべるかもしれないね。うふふふふ～』、と。人の唇を奪ったことには一切触れずに笑うらぷらすには脱力感と殺意が湧いたが。\n', '\u3000たーにゃは振り返って楽しげに笑うらぷらすを見る。\n', '\u3000夜空を舞うらぷらすを、美しいと思った。\n', '\u3000ふよふよと空中に漂うらぷらすは、実に愉快そうに笑う。\n', '\u3000騒がれないように、声を出せないようらぷらすが処置をして。\n']",['\u3000らいあんは歯がみする。\n'],"['\u3000ふわり、ふわりと宙返りしたらぷらすがたーにゃを見ると。\n', '\u3000ふわりと再び中空に浮いたらぷらすは言った。\n', '\u3000愉快げに様子をみていたらぷらすが、「わーお！」とはしゃいだ声をあげる。\n', 'まくすうぇるを討つためにおーで城に乗り込んだたーにゃとらぷらすは、同じくまくすうぇるの被害者である第一皇女ありえのーらから「かつて失ったらぷらすに執着しているまくすうぇるは、非人道的な実験を三〇〇年間繰り返している」と告げられる。\n', '\u3000それを見るともなく眺めていたらぷらすは、\n', '\u3000きゃっきゃとはしゃぐ女冒険者ふたりと、目の前で展開されたらぷらすの奇跡に近しい超絶技巧の魔術の数々に店主は完全に灰になっていた。\n', '\u3000表舞台へと解き放たれたらぷらすは大魔女として多くの魔術的な発明をし、自らの奇跡の力でもって戦場を勝利へ導いた。\n', '\u3000ぼそり、と呟いたらぷらすの手に。\n', '\u3000同じくそふぁに腰掛けたらぷらすの言葉に、えへへ、と笑ったありえのーらの表情は、どこにでもいるような少女のそれで。\n', '\u3000邪悪な陰謀で王都を貶めようとしたらぷらすをいずこかに封印せり……彼のいくつもある武勲のひとつに、そう伝えられているのだ。\n', '\u3000なでぃーねの背丈ほどの高さまで飛び上がったらぷらすの視線は、敵陣営の黒鎧の男・くらーくをとらえていた。\n', '\u3000ぎゅん、と一気に加速したらぷらすは黒鎧の騎士との距離をつめる。\n', '\u3000剣圧で吹き飛ばされたらぷらすは凄まじい音を立てて闘技場の壁に激突した。\n', '\u3000たーにゃのつっこみに、今まで黙って話を聞いていたらぷらすが爆笑する。\n', '\u3000と、いままで余裕綽々だったらぷらすの表情が引きつる。\n', '\u3000先ほどまで余裕綽々と宙を浮いていたらぷらすは――完全に、地面にくたぁっと伸びている。\n', '\u3000しょっぴんぐしょっぴんぐ～っと浮かれた声をあげて、ふよっと宙返りをしようとしたらぷらすに、\n']",['\u3000やっぱりすごいな、帝王一家。\n'],"['「よろしく、たーにゃ。まあ、あたしは勝負に負けたんだ。喜んで手伝おう……と言いたいところだが、どうやって復讐を？」\n', '次回、ありえのーら皇女殿下のひみつが明かされます。次章『もらはらくそ男まくすうぇるとの対決も圧勝します②』でらぷらすさんの復讐がばっきばきに成されますので、よろしくお願いいたします（らいあんのときみたいにお茶目ではいられませぬ）。\n', '「大丈夫。なでぃーねを危ない目には合せないからさ。背中をよろしくね、うちの｜回復術師《ひーらー》さん」\n', '面白かった、続きが気になると思っていただけましたらぶくまや評価感想いただけますと励みになります。今後ともよろしくお願いいたします！！\n', 'どうぞよろしくお願いいたします。\n', 'よろしくおねがいします！\n', '「お、おう……ねぇちゃん、すげえ力だな。あとで壁の弁償よろしく」\n', 'よろしければぺーじ上部からぶっくまーくしていただいたり、以下からここまでのぽいんと評価や感想をいただけるととても励みになります！！\u3000よろしくお願いいたします！！！！！！！！！！！！！！！（強火）\n', '面白かった、続きが気になると思っていただけましたらぺーじ上部からぶっくまーくをばよろしくお願いいたします。また、以下からぽいんと投票や感想書き込みもできます。とても励みになっておりますので、どうぞよろしくお願いいたします。\n', '面白かった、続きが気になると思っていただけましたらぺーじ上部からぶっくまーくをばよろしくお願いいたします。また、以下からぽいんと投票や感想書き込みもできます。とても励みになっておりますので、どうぞよろしくお願いいたします。\n', 'どうぞよろしくお願いします。\n', 'どうぞよろしくお願いします！\n']",['\u3000魔法剣士としての戦闘は、ほとんどしてこなかった。\n'],"['「らぷらす様はまくすうぇるに従順ではあった。けれど、それは単に……【反抗しなかった】だけだと。そうまくすうぇるは考えているようです。らぷらす様はどこか、反抗的な目をしていたのだと。\n', '\u3000試合で大きな怪我はしなかったものの、どうやら粗相をしてしまったらしいきゃさりんのことを気にかけて「着替えとかいるかな？」と発案したのはたーにゃだった。\n', '「しかし……予想もしなかった収穫があった。貴様には感謝せねばならんな」\n', '「いや。こういう状況になったのは、あたしの自業自得もあるんだ。理不尽に声をあげなかった、仕方がないと諦めた……怒ることをしなかった、自分の責任だ」\n']","['「私が聞いていた言い伝えでは……優秀だったけれども危険な存在だった邪悪なる竜の大淫婦らぷらすが、この国を滅ぼそうとしたから。だから、偉大な宮廷魔術師のまくすうぇるが魔女を封じたんだって」\n', '「い、い、い、良いですか？\u3000らぷらすといえば魔導師であれば誰でも知っている超偉大な魔女ですよ。それがこんな王都の近くに封印されているなんて冗談じゃないです。それに、そもそも、封印されたというのも魔導師の祖であるまくすうぇると対立して魔法決闘に敗れたことが原因だそうじゃないですか。大魔女らぷらすといえば、別名、邪悪なる竜の｜大淫婦《くそびっち》！\u3000王都を滅ぼそうと画策していたところを、大魔導師まくすうぇるに封印されたんでしょう」\n']",['「でもさ、あんなへっぽこがりーぐを勝ち上がってこれるのかなぁ？」\n'],['「もむもむ。うん、このけーきもおいしーな」\n'],"['「はははっ！\u3000めちゃくちゃ怒っているな、わいばーん。君の【｜灰燼裂罪《えくすぷろーじょん》】でも当たったのかなぁ。あはは～」\n', '「あれはね、……たぶん、めちゃくちゃ思い切りが良いだけだよ」\n', '\u3000めちゃくちゃ素朴な疑問である。\n', '女冒険者のへそ出し装備は絶対にお腹を壊すし、いべんと会場の女子といれだけめちゃくちゃ混みすぎってはなし。女性向けいべんとの最大手はといれなのどうにかしてくれ・・・。。。\n', '\u3000詠唱もめちゃくちゃ雑だし。\n', '\u3000いまや完全に手練れの｜魔術師《そーさらー》……もとい魔術おたくの表情を浮かべ、控えめに言ってめちゃくちゃ気持ち悪いてんしょんになっているたーにゃはひとしきりしゃうとして。\n', '「あっはっは。あたしはもう一人、めちゃくちゃ独特の泣き方するやつを知ってるけどね～」\n', '\u3000わーい、といいながら空中でくるくるとまわるこの女は本当に名高い大魔女らぷらすなのだろうか……。正直、めちゃくちゃ胡散臭い。\n', '「おっ。らいあん選手、めちゃくちゃ泣いているように見えますが」\n', '\u3000裾が、めちゃくちゃに短いのである。\n']",['\u3000さては、美人魔女のゔぃーなすのごときびゅーてぃほーさに目を奪われたな。\n'],['\u3000たーにゃの渾身のたっくるがきまった。\n'],"['\u3000後ろからふわりと抱きしめられた。\n', '\u3000自分よりも背の低いたーにゃに抱きしめられている。\n']",['\u3000自分でもびっくりするくらいだ。\n'],"['\u3000追って、【｜灰燼裂罪《えくすぷろーじょん》】と同れべるの魔力を一刀に込めたことによる魔力的な爆発。\n', '「私が決めたことだし？\u3000それに、あんたたちじゃん」\n']",['「なんとたーにゃ選手、すかさずらいあん選手の頭を蹴り飛ばしましたぁ！！」\n'],"['\u3000元ぱーてぃに出くわしたら今度こそ大暴れしてしまいそうだったため、ほとんどの人間がくえすとに出払っている昼過ぎを狙ってやってきたわけだ。\n', '\u3000この地下迷宮には半永久的にごーれむが発生する魔術的機構が仕掛けられているらしく、定期的に討伐しなくてはならないそうだ。\n', '\u3000本当は、今すぐにでも床に突っ伏してしまいそうだ。\n', '\u3000ちなみになでぃーねは鶏肉の香草焼きを頬張っている。甘いものはそんなに好きじゃないそうだ。\n']",['「……となると。こちらはきゃさりんさんとの一騎打ち、ですかね」\n'],['「去年の優勝ちーむはAらんくに上がっちまって出場しないし……もしたーにゃとあたったら、俺っ」\n'],['「あたし、あともうひとつくらいしゃーべっと食べたかったし」\n'],"['面白かった、続きが気になると思っていただけましたらぶくまや評価感想いただけますと励みになります。今後ともよろしくお願いいたします！！\n', '面白い、続きが気になると思っていただけましたらぶくまや感想などお願いいたします。\n']",['「お婆ちゃん、おいくつなの？」\n'],['\u3000なでぃーねは――真実をぶちまけた。\n'],['\u3000そして、にっこりと微笑んでだぶるぴーすをした。\n'],['「うん。さっきぼこすか大型魔術をぶっぱなしていたところをみると、けっこう腕に覚えがあるんじゃないかい？」\n'],['\u3000お気に入りのそのお伽噺だけが、らぷらすの友人だった。\n'],"['\u3000ひぇ～、と声をあげてらぷらすが逃げていく。\n', '\u3000たーにゃの着替えのぶらうすからふりるたっぷりのろーぶを生成したのは、例によってらぷらす。\n', '「そのために、色々な【器】を培養したよ。その【器】に、お前にしたのと同じように愛情をこめて教育だって施している。だが、どうにも上手くいかないのだよ。どれもこれも、あの女……お前の母の、そしてらぷらす、お前の劣化版にしかならないのだ。\n', '\u3000確かに、今まではくえすとが楽勝すぎてらぷらすの指ぱっちん、あるいはたーにゃの簡単な魔術や剣の一撃で事が済むことばかりだった。\n', '\u3000そしてらぷらすは、自分がその「お姫様」と同じ境遇であるなどと。\n', '\u3000すっかり下を向いてしまったなでぃーねの肩をぽん、と叩いてらぷらすは言った。\n', '\u3000思わずそちらに視線をやれば、にやりと笑ってらぷらすは言った。\n', '\u3000ひゅう、と音を立ててらぷらすは踵を返す。\n']",['「はい。くそだと思います。でも、それがどれだけくそみたいなことかって、自分があんな形でくびになるまで真面目に考えたこともなかったです……女だからって馬鹿にされないように必死で、それどころじゃなかったというか」\n'],['「あ、なでぃーねには言ってなかったっけ。いやぁ、直撃。あれは驚いたねー」\n'],['\u3000宮廷魔術師という立場と、彼の持っている智慧と富とこねとを総動員して。\n'],['\u3000顔を突き出すらぷらすの口の端をぬぐってやる。\n']
